Independent ************************************************
command

              precision    recall  f1-score   support

      appear       0.78      0.82      0.80       244
       click       0.84      0.89      0.87       479
   disappear       0.79      0.64      0.71       126
        drag       0.90      0.83      0.86       116
       hover       0.83      0.69      0.76        72
  scrolldown       0.79      0.73      0.76        41
    scrollup       0.85      0.92      0.88        37
      select       0.81      0.90      0.86       145
        type       0.94      0.73      0.83        45
      zoomin       0.79      0.88      0.83        64
     zoomout       0.84      0.76      0.80        75

    accuracy                           0.83      1444
   macro avg       0.83      0.80      0.81      1444
weighted avg       0.83      0.83      0.83      1444

widget


              precision    recall  f1-score   support

      button       0.82      0.87      0.84       437
    checkbox       0.93      0.58      0.72        24
    dropdown       0.77      0.75      0.76        75
        icon       0.84      0.80      0.82       216
       image       0.91      0.89      0.90       190
      others       0.84      0.81      0.82        75
        page       0.77      0.85      0.81        48
       popup       0.81      0.78      0.79       113
         tab       1.00      0.69      0.82        13
        text       0.85      0.81      0.83       173
      window       0.80      0.89      0.84        80

    accuracy                           0.83      1444
   macro avg       0.85      0.79      0.81      1444
weighted avg       0.83      0.83      0.83      1444

location

{"Bleu_1": 0.6630193905815338, "Bleu_2": 0.5646972117592318, "Bleu_3": 0.46727085068884405, "Bleu_4": 0.3394878073468163, "METEOR": 0.48938075690347044, "ROUGE_L": 0.6630193905817173, "CIDEr": 1.4597862333697702}

UnSentGen ************************************************
command

              precision    recall  f1-score   support

           5       0.41      0.37      0.39       227
          16       0.00      0.00      0.00         0
          17       0.61      0.72      0.66       490
          20       0.00      0.00      0.00         0
          21       0.27      0.23      0.24       128
          22       0.46      0.55      0.50       119
          28       0.28      0.21      0.24        85
          38       0.00      0.00      0.00         0
          53       0.20      0.19      0.20        36
          54       0.33      0.38      0.35        37
          57       0.81      0.64      0.71       170
          74       0.39      0.32      0.35        37
          82       0.31      0.27      0.29        56
          83       0.35      0.32      0.34        59

    accuracy                           0.50      1444
   macro avg       0.32      0.30      0.30      1444
weighted avg       0.50      0.50      0.49      1444

widget

              precision    recall  f1-score   support

           5       0.00      0.00      0.00         0
          14       0.54      0.50      0.52       460
          16       0.50      0.20      0.29        20
          23       0.14      0.09      0.11        85
          29       0.26      0.29      0.27       186
          30       0.58      0.33      0.42       172
          31       0.00      0.00      0.00         0
          33       0.00      0.00      0.00         0
          35       0.00      0.00      0.00         0
          36       0.00      0.00      0.00         0
          38       0.00      0.00      0.00         0
          40       0.00      0.00      0.00         0
          42       0.27      0.35      0.31        77
          44       0.15      0.22      0.18        37
          46       0.26      0.30      0.28       141
          64       0.17      0.17      0.17        12
          67       0.28      0.41      0.33       160
          79       0.49      0.39      0.44        94
          81       0.00      0.00      0.00         0

    accuracy                           0.37      1444
   macro avg       0.19      0.17      0.17      1444
weighted avg       0.40      0.37      0.38      1444

location

{"Bleu_1": 0.598476454293463, "Bleu_2": 0.49565069454087335, "Bleu_3": 0.3911156102842781, "Bleu_4": 0.25210892355442793, "METEOR": 0.4507107848224364, "ROUGE_L": 0.5979224376731301, "CIDEr": 0.8056290538203862}